data <-
structure(list(Team = structure(1:30, .Label = c("Atlanta Hawks", 
"Boston Celtics", "Brooklyn Nets", "Charlotte Bobcats", "Chicago Bulls", 
"Cleveland Cavaliers", "Dallas Mavericks", "Denver Nuggets", 
"Detroit Pistons", "Golden State Warriors", "Houston Rockets", 
"Indiana Pacers", "Los Angeles Clippers", "Los Angeles Lakers", 
"Memphis Grizzlies", "Miami Heat", "Milwaukee Bucks", "Minnesota Timberwolves", 
"New Orleans Pelicans", "New York Knicks", "Oklahoma City Thunder", 
"Orlando Magic", "Philadelphia 76ers", "Phoenix Suns", "Portland Trail Blazers", 
"Sacramento Kings", "San Antonio Spurs", "Toronto Raptors", "Utah Jazz", 
"Washington Wizards"), class = "factor"), RPG = c(39.98, 42.5, 
38.15, 42.68, 44.15, 44.12, 40.9, 45.44, 45.38, 45.3, 45.33, 
44.7, 43, 41.04, 42.39, 36.88, 41.1, 44.73, 41.7, 40.33, 44.73, 
42.05, 42.74, 43.04, 46.44, 44.46, 43.27, 42.52, 41.23, 42.18
), APG = c(24.89, 21.05, 20.9, 21.68, 22.68, 21.2, 23.6, 22.41, 
20.9, 23.32, 21.4, 20.13, 24.59, 24.46, 21.85, 22.52, 21.46, 
23.94, 21.28, 20.01, 21.88, 21.05, 21.84, 19.06, 23.22, 18.87, 
25.17, 21.18, 20.29, 23.28), SPG = c(8.29, 7.12, 8.6, 6.09, 7.24, 
7.06, 8.59, 7.5, 8.38, 7.83, 7.57, 6.71, 8.57, 7.45, 7.7, 8.93, 
6.6, 8.76, 7.89, 7.7, 8.27, 7.68, 9.33, 8.39, 5.54, 7.16, 7.37, 
7.04, 6.95, 8.15), TOPG = c(15.26, 15.38, 14.52, 12.32, 14.91, 
14.18, 13.54, 15.91, 14.55, 15.21, 16.13, 15.09, 13.85, 15.11, 
13.71, 14.78, 15.1, 13.93, 13.77, 12.96, 15.32, 14.9, 16.88, 
15.34, 13.72, 15.23, 14.39, 14.13, 14.63, 14.68), PPG = c(101, 
96.24, 98.52, 96.85, 93.66, 98.22, 104.84, 104.38, 101.05, 104.26, 
107.67, 96.74, 107.93, 102.95, 96.15, 102.2, 95.48, 106.93, 99.72, 
98.59, 106.16, 96.51, 99.45, 105.23, 106.74, 100.5, 105.35, 101.28, 
95.01, 100.66), ORPG = c(43.54, 42.28, 42.87, 43.3, 41.27, 42.55, 
42.83, 43.84, 42.99, 43.28, 41.66, 41.17, 43.73, 49, 39.17, 40.32, 
43.52, 44.21, 41.7, 41.99, 40.93, 43.96, 46.91, 42.83, 43.49, 
41.23, 42.22, 40.96, 42.51, 42.2), OAPG = c(23.18, 22.11, 21.01, 
20.95, 19.56, 24.84, 22.05, 22.48, 24.4, 20.52, 22.21, 18.6, 
23.27, 25.76, 19.9, 21.35, 22.8, 22.87, 22.5, 19.73, 21.77, 22.54, 
26.15, 20.29, 20.43, 23.5, 20.35, 20.96, 21.8, 22.24), OSPG = c(8.2, 
7.43, 7.41, 6.27, 7.57, 7.16, 7.74, 8.46, 8.17, 7.91, 8.59, 7.23, 
6.95, 9.63, 7.21, 8.13, 7.8, 7.85, 7.04, 6.26, 8.16, 7.09, 8.98, 
7.48, 7.79, 7.77, 7.66, 7.27, 7.52, 7.7), OTOPG = c(15.21, 14.24, 
15.8, 13.29, 14.37, 13.95, 16, 14.37, 15, 15.02, 14.01, 13.66, 
15.38, 14.2, 14.17, 16.7, 14.12, 16.41, 14.45, 14.55, 15.22, 
13.98, 16.96, 15.34, 12.01, 13.61, 13.87, 14.93, 12.61, 16.02
), OPPG = c(101.48, 100.71, 99.52, 97.07, 91.8, 101.51, 102.44, 
106.52, 104.71, 99.45, 103.11, 92.34, 100.95, 109.24, 94.57, 
97.44, 103.66, 104.26, 102.43, 99.38, 99.82, 101.95, 109.9, 102.6, 
102.76, 103.4, 97.63, 98.04, 102.18, 99.39), WLP = c(0.463414634, 
0.304878049, 0.536585366, 0.524390244, 0.585365854, 0.402439024, 
0.597560976, 0.43902439, 0.353658537, 0.62195122, 0.658536585, 
0.682926829, 0.695121951, 0.329268293, 0.609756098, 0.658536585, 
0.182926829, 0.487804878, 0.414634146, 0.451219512, 0.719512195, 
0.280487805, 0.231707317, 0.585365854, 0.658536585, 0.341463415, 
0.756097561, 0.585365854, 0.304878049, 0.536585366)), .Names = c("Team", 
"RPG", "APG", "SPG", "TOPG", "PPG", "ORPG", "OAPG", "OSPG", "OTOPG", 
"OPPG", "WLP"), class = "data.frame", row.names = c(NA, -30L))
columnnames <-
c("Team name", "Rebounds per game", "Assists per game", "Steals per game", 
"Turnovers per game", "Points per game", "Opponent rebounds per game", 
"Opponent assists per game", "Opponent steals per game", "Opponent turnovers per game", 
"Opponent points per game", "Win-loss percentage")
